{
 "cells": [
  {
   "cell_type": "code",
   "execution_count": 1,
   "id": "2724c1fd-3970-4604-bdc1-1fe0a00e7ca8",
   "metadata": {},
   "outputs": [
    {
     "name": "stdout",
     "output_type": "stream",
     "text": [
      "1 1 1.4142135623730951\n",
      "1 2 2.23606797749979\n",
      "1 3 3.1622776601683795\n",
      "1 4 4.123105625617661\n",
      "1 5 5.0990195135927845\n",
      "1 6 6.082762530298219\n",
      "1 7 7.0710678118654755\n",
      "1 8 8.06225774829855\n",
      "1 9 9.055385138137417\n",
      "1 10 10.04987562112089\n",
      "1 11 11.045361017187261\n",
      "1 12 12.041594578792296\n",
      "1 13 13.038404810405298\n",
      "1 14 14.035668847618199\n",
      "1 15 15.033296378372908\n",
      "1 16 16.0312195418814\n",
      "1 17 17.029386365926403\n",
      "1 18 18.027756377319946\n",
      "1 19 19.026297590440446\n",
      "1 20 20.024984394500787\n",
      "1 21 21.02379604162864\n",
      "1 22 22.02271554554524\n",
      "1 23 23.021728866442675\n",
      "1 24 24.020824298928627\n",
      "1 25 25.019992006393608\n",
      "1 26 26.019223662515376\n",
      "1 27 27.018512172212592\n",
      "1 28 28.0178514522438\n",
      "1 29 29.017236257093817\n",
      "2 1 2.23606797749979\n",
      "2 2 2.8284271247461903\n",
      "2 3 3.605551275463989\n",
      "2 4 4.47213595499958\n",
      "2 5 5.385164807134504\n",
      "2 6 6.324555320336759\n",
      "2 7 7.280109889280518\n",
      "2 8 8.246211251235321\n",
      "2 9 9.219544457292887\n",
      "2 10 10.198039027185569\n",
      "2 11 11.180339887498949\n",
      "2 12 12.165525060596439\n",
      "2 13 13.152946437965905\n",
      "2 14 14.142135623730951\n",
      "2 15 15.132745950421556\n",
      "2 16 16.1245154965971\n",
      "2 17 17.11724276862369\n",
      "2 18 18.110770276274835\n",
      "2 19 19.1049731745428\n",
      "2 20 20.09975124224178\n",
      "2 21 21.095023109728988\n",
      "2 22 22.090722034374522\n",
      "2 23 23.08679276123039\n",
      "2 24 24.08318915758459\n",
      "2 25 25.079872407968907\n",
      "2 26 26.076809620810597\n",
      "2 27 27.073972741361768\n",
      "2 28 28.071337695236398\n",
      "2 29 29.068883707497267\n",
      "3 1 3.1622776601683795\n",
      "3 2 3.605551275463989\n",
      "3 3 4.242640687119285\n",
      "3 4 5.0\n",
      "3 5 5.830951894845301\n",
      "3 6 6.708203932499369\n",
      "3 7 7.615773105863909\n",
      "3 8 8.54400374531753\n",
      "3 9 9.486832980505138\n",
      "3 10 10.44030650891055\n",
      "3 11 11.40175425099138\n",
      "3 12 12.36931687685298\n",
      "3 13 13.341664064126334\n",
      "3 14 14.317821063276353\n",
      "3 15 15.297058540778355\n",
      "3 16 16.278820596099706\n",
      "3 17 17.26267650163207\n",
      "3 18 18.24828759089466\n",
      "3 19 19.235384061671343\n",
      "3 20 20.223748416156685\n",
      "3 21 21.213203435596427\n",
      "3 22 22.20360331117452\n",
      "3 23 23.194827009486403\n",
      "3 24 24.186773244895647\n",
      "3 25 25.179356624028344\n",
      "3 26 26.1725046566048\n",
      "3 27 27.16615541441225\n",
      "3 28 28.160255680657446\n",
      "3 29 29.154759474226502\n",
      "4 1 4.123105625617661\n",
      "4 2 4.47213595499958\n",
      "4 3 5.0\n",
      "4 4 5.656854249492381\n",
      "4 5 6.4031242374328485\n",
      "4 6 7.211102550927978\n",
      "4 7 8.06225774829855\n",
      "4 8 8.94427190999916\n",
      "4 9 9.848857801796104\n",
      "4 10 10.770329614269007\n",
      "4 11 11.704699910719626\n",
      "4 12 12.649110640673518\n",
      "4 13 13.601470508735444\n",
      "4 14 14.560219778561036\n",
      "4 15 15.524174696260024\n",
      "4 16 16.492422502470642\n",
      "4 17 17.46424919657298\n",
      "4 18 18.439088914585774\n",
      "4 19 19.4164878389476\n",
      "4 20 20.396078054371138\n",
      "4 21 21.37755832643195\n",
      "4 22 22.360679774997898\n",
      "4 23 23.345235059857504\n",
      "4 24 24.331050121192877\n",
      "4 25 25.317977802344327\n",
      "4 26 26.30589287593181\n",
      "4 27 27.294688127912362\n",
      "4 28 28.284271247461902\n",
      "4 29 29.274562336608895\n",
      "5 1 5.0990195135927845\n",
      "5 2 5.385164807134504\n",
      "5 3 5.830951894845301\n",
      "5 4 6.4031242374328485\n",
      "5 5 7.0710678118654755\n",
      "5 6 7.810249675906654\n",
      "5 7 8.602325267042627\n",
      "5 8 9.433981132056603\n",
      "5 9 10.295630140987\n",
      "5 10 11.180339887498949\n",
      "5 11 12.083045973594572\n",
      "5 12 13.0\n",
      "5 13 13.92838827718412\n",
      "5 14 14.866068747318506\n",
      "5 15 15.811388300841896\n",
      "5 16 16.76305461424021\n",
      "5 17 17.72004514666935\n",
      "5 18 18.681541692269406\n",
      "5 19 19.6468827043885\n",
      "5 20 20.615528128088304\n",
      "5 21 21.587033144922902\n",
      "5 22 22.561028345356956\n",
      "5 23 23.53720459187964\n",
      "5 24 24.515301344262525\n",
      "5 25 25.495097567963924\n",
      "5 26 26.476404589747453\n",
      "5 27 27.459060435491963\n",
      "5 28 28.442925306655784\n",
      "5 29 29.427877939124322\n",
      "6 1 6.082762530298219\n",
      "6 2 6.324555320336759\n",
      "6 3 6.708203932499369\n",
      "6 4 7.211102550927978\n",
      "6 5 7.810249675906654\n",
      "6 6 8.48528137423857\n",
      "6 7 9.219544457292887\n",
      "6 8 10.0\n",
      "6 9 10.816653826391969\n",
      "6 10 11.661903789690601\n",
      "6 11 12.529964086141668\n",
      "6 12 13.416407864998739\n",
      "6 13 14.317821063276353\n",
      "6 14 15.231546211727817\n",
      "6 15 16.15549442140351\n",
      "6 16 17.08800749063506\n",
      "6 17 18.027756377319946\n",
      "6 18 18.973665961010276\n",
      "6 19 19.924858845171276\n",
      "6 20 20.8806130178211\n",
      "6 21 21.840329667841555\n",
      "6 22 22.80350850198276\n",
      "6 23 23.769728648009426\n",
      "6 24 24.73863375370596\n",
      "6 25 25.709920264364882\n",
      "6 26 26.68332812825267\n",
      "6 27 27.65863337187866\n",
      "6 28 28.635642126552707\n",
      "6 29 29.614185789921695\n",
      "7 1 7.0710678118654755\n",
      "7 2 7.280109889280518\n",
      "7 3 7.615773105863909\n",
      "7 4 8.06225774829855\n",
      "7 5 8.602325267042627\n",
      "7 6 9.219544457292887\n",
      "7 7 9.899494936611665\n",
      "7 8 10.63014581273465\n",
      "7 9 11.40175425099138\n",
      "7 10 12.206555615733702\n",
      "7 11 13.038404810405298\n",
      "7 12 13.892443989449804\n",
      "7 13 14.7648230602334\n",
      "7 14 15.652475842498529\n",
      "7 15 16.55294535724685\n",
      "7 16 17.46424919657298\n",
      "7 17 18.384776310850235\n",
      "7 18 19.313207915827967\n",
      "7 19 20.248456731316587\n",
      "7 20 21.18962010041709\n",
      "7 21 22.135943621178654\n",
      "7 22 23.08679276123039\n",
      "7 23 24.041630560342615\n",
      "7 24 25.0\n",
      "7 25 25.96150997149434\n",
      "7 26 26.92582403567252\n",
      "7 27 27.892651361962706\n",
      "7 28 28.861739379323623\n",
      "7 29 29.832867780352597\n",
      "8 1 8.06225774829855\n",
      "8 2 8.246211251235321\n",
      "8 3 8.54400374531753\n",
      "8 4 8.94427190999916\n",
      "8 5 9.433981132056603\n",
      "8 6 10.0\n",
      "8 7 10.63014581273465\n",
      "8 8 11.313708498984761\n",
      "8 9 12.041594578792296\n",
      "8 10 12.806248474865697\n",
      "8 11 13.601470508735444\n",
      "8 12 14.422205101855956\n",
      "8 13 15.264337522473747\n",
      "8 14 16.1245154965971\n",
      "8 15 17.0\n",
      "8 16 17.88854381999832\n",
      "8 17 18.788294228055936\n",
      "8 18 19.697715603592208\n",
      "8 19 20.615528128088304\n",
      "8 20 21.540659228538015\n",
      "8 21 22.47220505424423\n",
      "8 22 23.40939982143925\n",
      "8 23 24.351591323771842\n",
      "8 24 25.298221281347036\n",
      "8 25 26.248809496813376\n",
      "8 26 27.202941017470888\n",
      "8 27 28.160255680657446\n",
      "8 28 29.120439557122072\n",
      "9 1 9.055385138137417\n",
      "9 2 9.219544457292887\n",
      "9 3 9.486832980505138\n",
      "9 4 9.848857801796104\n",
      "9 5 10.295630140987\n",
      "9 6 10.816653826391969\n",
      "9 7 11.40175425099138\n",
      "9 8 12.041594578792296\n",
      "9 9 12.727922061357855\n",
      "9 10 13.45362404707371\n",
      "9 11 14.212670403551895\n",
      "9 12 15.0\n",
      "9 13 15.811388300841896\n",
      "9 14 16.64331697709324\n",
      "9 15 17.4928556845359\n",
      "9 16 18.35755975068582\n",
      "9 17 19.235384061671343\n",
      "9 18 20.12461179749811\n",
      "9 19 21.02379604162864\n",
      "9 20 21.93171219946131\n",
      "9 21 22.847319317591726\n",
      "9 22 23.769728648009426\n",
      "9 23 24.698178070456937\n",
      "9 24 25.632011235952593\n",
      "9 25 26.570660511172846\n",
      "9 26 27.51363298439521\n",
      "9 27 28.460498941515414\n",
      "9 28 29.410882339705484\n",
      "10 1 10.04987562112089\n",
      "10 2 10.198039027185569\n",
      "10 3 10.44030650891055\n",
      "10 4 10.770329614269007\n",
      "10 5 11.180339887498949\n",
      "10 6 11.661903789690601\n",
      "10 7 12.206555615733702\n",
      "10 8 12.806248474865697\n",
      "10 9 13.45362404707371\n",
      "10 10 14.142135623730951\n",
      "10 11 14.866068747318506\n",
      "10 12 15.620499351813308\n",
      "10 13 16.401219466856727\n",
      "10 14 17.204650534085253\n",
      "10 15 18.027756377319946\n",
      "10 16 18.867962264113206\n",
      "10 17 19.72308292331602\n",
      "10 18 20.591260281974\n",
      "10 19 21.470910553583888\n",
      "10 20 22.360679774997898\n",
      "10 21 23.259406699226016\n",
      "10 22 24.166091947189145\n",
      "10 23 25.079872407968907\n",
      "10 24 26.0\n",
      "10 25 26.92582403567252\n",
      "10 26 27.85677655436824\n",
      "10 27 28.792360097775937\n",
      "10 28 29.732137494637012\n",
      "11 1 11.045361017187261\n",
      "11 2 11.180339887498949\n",
      "11 3 11.40175425099138\n",
      "11 4 11.704699910719626\n",
      "11 5 12.083045973594572\n",
      "11 6 12.529964086141668\n",
      "11 7 13.038404810405298\n",
      "11 8 13.601470508735444\n",
      "11 9 14.212670403551895\n",
      "11 10 14.866068747318506\n",
      "11 11 15.556349186104045\n",
      "11 12 16.278820596099706\n",
      "11 13 17.029386365926403\n",
      "11 14 17.804493814764857\n",
      "11 15 18.601075237738275\n",
      "11 16 19.4164878389476\n",
      "11 17 20.248456731316587\n",
      "11 18 21.095023109728988\n",
      "11 19 21.95449840010015\n",
      "11 20 22.825424421026653\n",
      "11 21 23.706539182259394\n",
      "11 22 24.596747752497688\n",
      "11 23 25.495097567963924\n",
      "11 24 26.40075756488817\n",
      "11 25 27.313000567495326\n",
      "11 26 28.231188426986208\n",
      "11 27 29.154759474226502\n",
      "12 1 12.041594578792296\n",
      "12 2 12.165525060596439\n",
      "12 3 12.36931687685298\n",
      "12 4 12.649110640673518\n",
      "12 5 13.0\n",
      "12 6 13.416407864998739\n",
      "12 7 13.892443989449804\n",
      "12 8 14.422205101855956\n",
      "12 9 15.0\n",
      "12 10 15.620499351813308\n",
      "12 11 16.278820596099706\n",
      "12 12 16.97056274847714\n",
      "12 13 17.69180601295413\n",
      "12 14 18.439088914585774\n",
      "12 15 19.209372712298546\n",
      "12 16 20.0\n",
      "12 17 20.808652046684813\n",
      "12 18 21.633307652783937\n",
      "12 19 22.47220505424423\n",
      "12 20 23.323807579381203\n",
      "12 21 24.186773244895647\n",
      "12 22 25.059928172283335\n",
      "12 23 25.942243542145693\n",
      "12 24 26.832815729997478\n",
      "12 25 27.730849247724095\n",
      "12 26 28.635642126552707\n",
      "12 27 29.546573405388315\n",
      "13 1 13.038404810405298\n",
      "13 2 13.152946437965905\n",
      "13 3 13.341664064126334\n",
      "13 4 13.601470508735444\n",
      "13 5 13.92838827718412\n",
      "13 6 14.317821063276353\n",
      "13 7 14.7648230602334\n",
      "13 8 15.264337522473747\n",
      "13 9 15.811388300841896\n",
      "13 10 16.401219466856727\n",
      "13 11 17.029386365926403\n",
      "13 12 17.69180601295413\n",
      "13 13 18.384776310850235\n",
      "13 14 19.1049731745428\n",
      "13 15 19.849433241279208\n",
      "13 16 20.615528128088304\n",
      "13 17 21.400934559032695\n",
      "13 18 22.20360331117452\n",
      "13 19 23.021728866442675\n",
      "13 20 23.853720883753127\n",
      "13 21 24.698178070456937\n",
      "13 22 25.553864678361276\n",
      "13 23 26.419689627245813\n",
      "13 24 27.294688127912362\n",
      "13 25 28.178005607210743\n",
      "13 26 29.068883707497267\n",
      "13 27 29.966648127543394\n",
      "14 1 14.035668847618199\n",
      "14 2 14.142135623730951\n",
      "14 3 14.317821063276353\n",
      "14 4 14.560219778561036\n",
      "14 5 14.866068747318506\n",
      "14 6 15.231546211727817\n",
      "14 7 15.652475842498529\n",
      "14 8 16.1245154965971\n",
      "14 9 16.64331697709324\n",
      "14 10 17.204650534085253\n",
      "14 11 17.804493814764857\n",
      "14 12 18.439088914585774\n",
      "14 13 19.1049731745428\n",
      "14 14 19.79898987322333\n",
      "14 15 20.518284528683193\n",
      "14 16 21.2602916254693\n",
      "14 17 22.02271554554524\n",
      "14 18 22.80350850198276\n",
      "14 19 23.600847442411894\n",
      "14 20 24.413111231467404\n",
      "14 21 25.238858928247925\n",
      "14 22 26.076809620810597\n",
      "14 23 26.92582403567252\n",
      "14 24 27.784887978899608\n",
      "14 25 28.653097563788805\n",
      "14 26 29.5296461204668\n",
      "15 1 15.033296378372908\n",
      "15 2 15.132745950421556\n",
      "15 3 15.297058540778355\n",
      "15 4 15.524174696260024\n",
      "15 5 15.811388300841896\n",
      "15 6 16.15549442140351\n",
      "15 7 16.55294535724685\n",
      "15 8 17.0\n",
      "15 9 17.4928556845359\n",
      "15 10 18.027756377319946\n",
      "15 11 18.601075237738275\n",
      "15 12 19.209372712298546\n",
      "15 13 19.849433241279208\n",
      "15 14 20.518284528683193\n",
      "15 15 21.213203435596427\n",
      "15 16 21.93171219946131\n",
      "15 17 22.67156809750927\n",
      "15 18 23.430749027719962\n",
      "15 19 24.20743687382041\n",
      "15 20 25.0\n",
      "15 21 25.80697580112788\n",
      "15 22 26.627053911388696\n",
      "15 23 27.459060435491963\n",
      "15 24 28.30194339616981\n",
      "15 25 29.154759474226502\n",
      "16 1 16.0312195418814\n",
      "16 2 16.1245154965971\n",
      "16 3 16.278820596099706\n",
      "16 4 16.492422502470642\n",
      "16 5 16.76305461424021\n",
      "16 6 17.08800749063506\n",
      "16 7 17.46424919657298\n",
      "16 8 17.88854381999832\n",
      "16 9 18.35755975068582\n",
      "16 10 18.867962264113206\n",
      "16 11 19.4164878389476\n",
      "16 12 20.0\n",
      "16 13 20.615528128088304\n",
      "16 14 21.2602916254693\n",
      "16 15 21.93171219946131\n",
      "16 16 22.627416997969522\n",
      "16 17 23.345235059857504\n",
      "16 18 24.08318915758459\n",
      "16 19 24.839484696748443\n",
      "16 20 25.612496949731394\n",
      "16 21 26.40075756488817\n",
      "16 22 27.202941017470888\n",
      "16 23 28.0178514522438\n",
      "16 24 28.844410203711913\n",
      "16 25 29.68164415931166\n",
      "17 1 17.029386365926403\n",
      "17 2 17.11724276862369\n",
      "17 3 17.26267650163207\n",
      "17 4 17.46424919657298\n",
      "17 5 17.72004514666935\n",
      "17 6 18.027756377319946\n",
      "17 7 18.384776310850235\n",
      "17 8 18.788294228055936\n",
      "17 9 19.235384061671343\n",
      "17 10 19.72308292331602\n",
      "17 11 20.248456731316587\n",
      "17 12 20.808652046684813\n",
      "17 13 21.400934559032695\n",
      "17 14 22.02271554554524\n",
      "17 15 22.67156809750927\n",
      "17 16 23.345235059857504\n",
      "17 17 24.041630560342615\n",
      "17 18 24.758836806279895\n",
      "17 19 25.495097567963924\n",
      "17 20 26.248809496813376\n",
      "17 21 27.018512172212592\n",
      "17 22 27.80287754891569\n",
      "17 23 28.600699292150182\n",
      "17 24 29.410882339705484\n",
      "18 1 18.027756377319946\n",
      "18 2 18.110770276274835\n",
      "18 3 18.24828759089466\n",
      "18 4 18.439088914585774\n",
      "18 5 18.681541692269406\n",
      "18 6 18.973665961010276\n",
      "18 7 19.313207915827967\n",
      "18 8 19.697715603592208\n",
      "18 9 20.12461179749811\n",
      "18 10 20.591260281974\n",
      "18 11 21.095023109728988\n",
      "18 12 21.633307652783937\n",
      "18 13 22.20360331117452\n",
      "18 14 22.80350850198276\n",
      "18 15 23.430749027719962\n",
      "18 16 24.08318915758459\n",
      "18 17 24.758836806279895\n",
      "18 18 25.45584412271571\n",
      "18 19 26.1725046566048\n",
      "18 20 26.90724809414742\n",
      "18 21 27.65863337187866\n",
      "18 22 28.42534080710379\n",
      "18 23 29.206163733020468\n",
      "18 24 30.0\n",
      "19 1 19.026297590440446\n",
      "19 2 19.1049731745428\n",
      "19 3 19.235384061671343\n",
      "19 4 19.4164878389476\n",
      "19 5 19.6468827043885\n",
      "19 6 19.924858845171276\n",
      "19 7 20.248456731316587\n",
      "19 8 20.615528128088304\n",
      "19 9 21.02379604162864\n",
      "19 10 21.470910553583888\n",
      "19 11 21.95449840010015\n",
      "19 12 22.47220505424423\n",
      "19 13 23.021728866442675\n",
      "19 14 23.600847442411894\n",
      "19 15 24.20743687382041\n",
      "19 16 24.839484696748443\n",
      "19 17 25.495097567963924\n",
      "19 18 26.1725046566048\n",
      "19 19 26.870057685088806\n",
      "19 20 27.586228448267445\n",
      "19 21 28.319604517012593\n",
      "19 22 29.068883707497267\n",
      "19 23 29.832867780352597\n",
      "20 1 20.024984394500787\n",
      "20 2 20.09975124224178\n",
      "20 3 20.223748416156685\n",
      "20 4 20.396078054371138\n",
      "20 5 20.615528128088304\n",
      "20 6 20.8806130178211\n",
      "20 7 21.18962010041709\n",
      "20 8 21.540659228538015\n",
      "20 9 21.93171219946131\n",
      "20 10 22.360679774997898\n",
      "20 11 22.825424421026653\n",
      "20 12 23.323807579381203\n",
      "20 13 23.853720883753127\n",
      "20 14 24.413111231467404\n",
      "20 15 25.0\n",
      "20 16 25.612496949731394\n",
      "20 17 26.248809496813376\n",
      "20 18 26.90724809414742\n",
      "20 19 27.586228448267445\n",
      "20 20 28.284271247461902\n",
      "20 21 29.0\n",
      "20 22 29.732137494637012\n",
      "21 1 21.02379604162864\n",
      "21 2 21.095023109728988\n",
      "21 3 21.213203435596427\n",
      "21 4 21.37755832643195\n",
      "21 5 21.587033144922902\n",
      "21 6 21.840329667841555\n",
      "21 7 22.135943621178654\n",
      "21 8 22.47220505424423\n",
      "21 9 22.847319317591726\n",
      "21 10 23.259406699226016\n",
      "21 11 23.706539182259394\n",
      "21 12 24.186773244895647\n",
      "21 13 24.698178070456937\n",
      "21 14 25.238858928247925\n",
      "21 15 25.80697580112788\n",
      "21 16 26.40075756488817\n",
      "21 17 27.018512172212592\n",
      "21 18 27.65863337187866\n",
      "21 19 28.319604517012593\n",
      "21 20 29.0\n",
      "21 21 29.698484809834994\n",
      "22 1 22.02271554554524\n",
      "22 2 22.090722034374522\n",
      "22 3 22.20360331117452\n",
      "22 4 22.360679774997898\n",
      "22 5 22.561028345356956\n",
      "22 6 22.80350850198276\n",
      "22 7 23.08679276123039\n",
      "22 8 23.40939982143925\n",
      "22 9 23.769728648009426\n",
      "22 10 24.166091947189145\n",
      "22 11 24.596747752497688\n",
      "22 12 25.059928172283335\n",
      "22 13 25.553864678361276\n",
      "22 14 26.076809620810597\n",
      "22 15 26.627053911388696\n",
      "22 16 27.202941017470888\n",
      "22 17 27.80287754891569\n",
      "22 18 28.42534080710379\n",
      "22 19 29.068883707497267\n",
      "22 20 29.732137494637012\n",
      "23 1 23.021728866442675\n",
      "23 2 23.08679276123039\n",
      "23 3 23.194827009486403\n",
      "23 4 23.345235059857504\n",
      "23 5 23.53720459187964\n",
      "23 6 23.769728648009426\n",
      "23 7 24.041630560342615\n",
      "23 8 24.351591323771842\n",
      "23 9 24.698178070456937\n",
      "23 10 25.079872407968907\n",
      "23 11 25.495097567963924\n",
      "23 12 25.942243542145693\n",
      "23 13 26.419689627245813\n",
      "23 14 26.92582403567252\n",
      "23 15 27.459060435491963\n",
      "23 16 28.0178514522438\n",
      "23 17 28.600699292150182\n",
      "23 18 29.206163733020468\n",
      "23 19 29.832867780352597\n",
      "24 1 24.020824298928627\n",
      "24 2 24.08318915758459\n",
      "24 3 24.186773244895647\n",
      "24 4 24.331050121192877\n",
      "24 5 24.515301344262525\n",
      "24 6 24.73863375370596\n",
      "24 7 25.0\n",
      "24 8 25.298221281347036\n",
      "24 9 25.632011235952593\n",
      "24 10 26.0\n",
      "24 11 26.40075756488817\n",
      "24 12 26.832815729997478\n",
      "24 13 27.294688127912362\n",
      "24 14 27.784887978899608\n",
      "24 15 28.30194339616981\n",
      "24 16 28.844410203711913\n",
      "24 17 29.410882339705484\n",
      "24 18 30.0\n",
      "25 1 25.019992006393608\n",
      "25 2 25.079872407968907\n",
      "25 3 25.179356624028344\n",
      "25 4 25.317977802344327\n",
      "25 5 25.495097567963924\n",
      "25 6 25.709920264364882\n",
      "25 7 25.96150997149434\n",
      "25 8 26.248809496813376\n",
      "25 9 26.570660511172846\n",
      "25 10 26.92582403567252\n",
      "25 11 27.313000567495326\n",
      "25 12 27.730849247724095\n",
      "25 13 28.178005607210743\n",
      "25 14 28.653097563788805\n",
      "25 15 29.154759474226502\n",
      "25 16 29.68164415931166\n",
      "26 1 26.019223662515376\n",
      "26 2 26.076809620810597\n",
      "26 3 26.1725046566048\n",
      "26 4 26.30589287593181\n",
      "26 5 26.476404589747453\n",
      "26 6 26.68332812825267\n",
      "26 7 26.92582403567252\n",
      "26 8 27.202941017470888\n",
      "26 9 27.51363298439521\n",
      "26 10 27.85677655436824\n",
      "26 11 28.231188426986208\n",
      "26 12 28.635642126552707\n",
      "26 13 29.068883707497267\n",
      "26 14 29.5296461204668\n",
      "27 1 27.018512172212592\n",
      "27 2 27.073972741361768\n",
      "27 3 27.16615541441225\n",
      "27 4 27.294688127912362\n",
      "27 5 27.459060435491963\n",
      "27 6 27.65863337187866\n",
      "27 7 27.892651361962706\n",
      "27 8 28.160255680657446\n",
      "27 9 28.460498941515414\n",
      "27 10 28.792360097775937\n",
      "27 11 29.154759474226502\n",
      "27 12 29.546573405388315\n",
      "27 13 29.966648127543394\n",
      "28 1 28.0178514522438\n",
      "28 2 28.071337695236398\n",
      "28 3 28.160255680657446\n",
      "28 4 28.284271247461902\n",
      "28 5 28.442925306655784\n",
      "28 6 28.635642126552707\n",
      "28 7 28.861739379323623\n",
      "28 8 29.120439557122072\n",
      "28 9 29.410882339705484\n",
      "28 10 29.732137494637012\n",
      "29 1 29.017236257093817\n",
      "29 2 29.068883707497267\n",
      "29 3 29.154759474226502\n",
      "29 4 29.274562336608895\n",
      "29 5 29.427877939124322\n",
      "29 6 29.614185789921695\n",
      "29 7 29.832867780352597\n"
     ]
    }
   ],
   "source": [
    "import math\n",
    "for A in range(1, 31):\n",
    "    for B in range(1, 31):\n",
    "        C2 = math.pow(A, 2) + math.pow(B, 2)\n",
    "        C = math.sqrt(C2)\n",
    "        if(C <= 30):\n",
    "            print(A, B, C)"
   ]
  },
  {
   "cell_type": "code",
   "execution_count": null,
   "id": "cc5cb7a1-5b2a-49e6-a7fb-a6266de31f53",
   "metadata": {},
   "outputs": [],
   "source": []
  },
  {
   "cell_type": "code",
   "execution_count": 7,
   "id": "aca7a3cc-da5a-40f4-8e99-2397eca5c0d9",
   "metadata": {},
   "outputs": [
    {
     "name": "stdin",
     "output_type": "stream",
     "text": [
      "enter the number:  8, 12\n"
     ]
    },
    {
     "name": "stdout",
     "output_type": "stream",
     "text": [
      "4\n"
     ]
    }
   ],
   "source": [
    "def GCD(x, y):\n",
    "    lst = []\n",
    "    if x<y:\n",
    "        small=x\n",
    "    else:\n",
    "        small=y\n",
    "    for i in range(1, small+1):\n",
    "        if x%i == 0 and y%i == 0:\n",
    "            lst.append(i)\n",
    "    return lst.pop()\n",
    "\n",
    "x, y = eval(input(\"enter the number: \"))\n",
    "print(GCD(x, y))            "
   ]
  },
  {
   "cell_type": "code",
   "execution_count": 12,
   "id": "3d110e7e-dd24-498b-8f4b-1a2c6c35b431",
   "metadata": {},
   "outputs": [
    {
     "name": "stdout",
     "output_type": "stream",
     "text": [
      "{32, 37, 40, 43, 45, 19, 20, 22, 29, 30}\n",
      "4\n",
      "{32, 19, 20, 22, 29, 30}\n"
     ]
    }
   ],
   "source": [
    "import random\n",
    "s = set()\n",
    "while len(s) < 10:\n",
    "    s.add(random.randint(15, 45))\n",
    "\n",
    "print(s)\n",
    "count = 0\n",
    "temp = set()\n",
    "for i in s:\n",
    "    if i < 30:\n",
    "        count+=1\n",
    "    if i < 35:\n",
    "        temp.add(i)\n",
    "s = temp\n",
    "print(count)\n",
    "print(s)"
   ]
  },
  {
   "cell_type": "code",
   "execution_count": 1,
   "id": "5c27fbcc-53c3-482a-9e2a-481dee52c99e",
   "metadata": {},
   "outputs": [
    {
     "data": {
      "text/plain": [
       "120"
      ]
     },
     "execution_count": 1,
     "metadata": {},
     "output_type": "execute_result"
    }
   ],
   "source": [
    "def fact(no):\n",
    "    if(no==0):\n",
    "        return 1\n",
    "    else:\n",
    "        return (no*fact(no-1))\n",
    "fact(5)"
   ]
  },
  {
   "cell_type": "markdown",
   "id": "44486c67-8e79-4285-9215-aa4de409e99f",
   "metadata": {},
   "source": [
    "def fibo(no):\n",
    "    if(no==1):\n",
    "        return 0\n",
    "    if(no==2):\n",
    "        return 1\n",
    "    else:\n",
    "        return fibo(no-1) +fibo(no-2)\n",
    "fibo(6)"
   ]
  },
  {
   "cell_type": "code",
   "execution_count": 13,
   "id": "c2527947-d1e3-4ca5-a02d-410a24da282e",
   "metadata": {},
   "outputs": [
    {
     "name": "stdin",
     "output_type": "stream",
     "text": [
      "enter your name and character:  palAk DawrA,A\n"
     ]
    },
    {
     "name": "stdout",
     "output_type": "stream",
     "text": [
      "11\n",
      "4\n"
     ]
    }
   ],
   "source": [
    "a,b=input(\"enter your name and character: \").split(\",\")\n",
    "print(len(a))\n",
    "print(a.lower().count(b.lower()))"
   ]
  },
  {
   "cell_type": "code",
   "execution_count": 7,
   "id": "215ed9db-8e5e-4b03-89b2-350cae66955c",
   "metadata": {},
   "outputs": [
    {
     "name": "stdout",
     "output_type": "stream",
     "text": [
      "5\n",
      "24\n",
      "55\n",
      "86\n"
     ]
    }
   ],
   "source": [
    "str = '''abhi is a bad boy\n",
    "palak is a good girl\n",
    "but still palak is loving him very much\n",
    "and he is not caring at all... why??'''\n",
    "is_pos = str.find(\"is\")\n",
    "while(is_pos != -1):\n",
    "    print(is_pos)\n",
    "    is_pos = str.find(\"is\", is_pos+1)"
   ]
  },
  {
   "cell_type": "code",
   "execution_count": 9,
   "id": "3c0d8a49-4652-44f6-8cbb-d52d8fa78d08",
   "metadata": {},
   "outputs": [
    {
     "name": "stdin",
     "output_type": "stream",
     "text": [
      "enter your number 80\n"
     ]
    },
    {
     "name": "stdout",
     "output_type": "stream",
     "text": [
      "two high\n"
     ]
    },
    {
     "name": "stdin",
     "output_type": "stream",
     "text": [
      "guess again:  50\n"
     ]
    },
    {
     "name": "stdout",
     "output_type": "stream",
     "text": [
      "two high\n"
     ]
    },
    {
     "name": "stdin",
     "output_type": "stream",
     "text": [
      "guess again:  30\n"
     ]
    },
    {
     "name": "stdout",
     "output_type": "stream",
     "text": [
      "two high\n"
     ]
    },
    {
     "name": "stdin",
     "output_type": "stream",
     "text": [
      "guess again:  20\n"
     ]
    },
    {
     "name": "stdout",
     "output_type": "stream",
     "text": [
      "two high\n"
     ]
    },
    {
     "name": "stdin",
     "output_type": "stream",
     "text": [
      "guess again:  10\n"
     ]
    },
    {
     "name": "stdout",
     "output_type": "stream",
     "text": [
      "you guess right\n",
      "you guess it in 5 times\n"
     ]
    }
   ],
   "source": [
    "import random\n",
    "count=1\n",
    "n=int(input(\"enter your number\"))\n",
    "num=random.randint(1,100)\n",
    "while n!=num:\n",
    "        if n<num:\n",
    "            print(\"two low\")\n",
    "            count+=1\n",
    "            n=int(input(\"guess again: \"))\n",
    "        else:\n",
    "            print(\"two high\")\n",
    "            count+=1\n",
    "            n=int(input(\"guess again: \"))\n",
    "if n==num:\n",
    "    print(\"you guess right\")\n",
    "    print(f\"you guess it in {count} times\")\n",
    "            "
   ]
  },
  {
   "cell_type": "code",
   "execution_count": 7,
   "id": "d393ab19-5bb5-48ce-9976-51e20899a21b",
   "metadata": {},
   "outputs": [
    {
     "name": "stdout",
     "output_type": "stream",
     "text": [
      "b is largest\n",
      "None\n"
     ]
    }
   ],
   "source": [
    "def greatest(a,b,c):\n",
    "    if(a>b):\n",
    "        if(a>c):\n",
    "            print(\"a is largest\")\n",
    "        else:\n",
    "             print(\"c is largest\")\n",
    "    elif b>c:\n",
    "        print(\"b is largest\")\n",
    "    else:\n",
    "        print(\"c is largest\")\n",
    "print(greatest(20,40,13))"
   ]
  },
  {
   "cell_type": "code",
   "execution_count": 12,
   "id": "9438c1b4-3bf3-42bc-8561-ad04e0559b99",
   "metadata": {},
   "outputs": [
    {
     "name": "stdout",
     "output_type": "stream",
     "text": [
      "6\n",
      "8\n"
     ]
    }
   ],
   "source": [
    "print((lambda a,b:a*b)(2,3))\n",
    "lst1=[1,2,5]\n",
    "print((lambda l:sum(l))(lst1))\n",
    "        \n",
    "    \n",
    "    \n",
    "    "
   ]
  },
  {
   "cell_type": "code",
   "execution_count": 13,
   "id": "a4b115a4-76b9-4909-8fbb-f48fb0b93c4f",
   "metadata": {},
   "outputs": [
    {
     "name": "stdout",
     "output_type": "stream",
     "text": [
      "[7, 7, 7, 7, 7, 7]\n"
     ]
    }
   ],
   "source": [
    "lst1 = [1, 2, 3, 4, 5, 6]\n",
    "lst2 = [6, 5, 4, 3, 2, 1]\n",
    "lst3 = list(map((lambda x, y: x+y),lst1, lst2))\n",
    "print(lst3)\n",
    "\n"
   ]
  },
  {
   "cell_type": "code",
   "execution_count": 17,
   "id": "e261eae6-00dd-4f74-9394-905d92fbcbb5",
   "metadata": {},
   "outputs": [
    {
     "name": "stdout",
     "output_type": "stream",
     "text": [
      "['Rameshwar', 'Mahalaxmi']\n"
     ]
    }
   ],
   "source": [
    "lst = [ 'Maneesh', 'Rameshwar', 'Patrick', 'Mahalaxmi', 'Kashmira', 'Neeraj']\n",
    "a=filter((lambda l: len(l)>8),lst)\n",
    "print(list(a))"
   ]
  },
  {
   "cell_type": "code",
   "execution_count": 24,
   "id": "c674dad4-6dd1-43cc-bcdd-8adf8fbb6295",
   "metadata": {},
   "outputs": [
    {
     "name": "stdout",
     "output_type": "stream",
     "text": [
      "['RAHUL', 'PRIYA', 'CHAAYA', 'NARENDRA', 'PRASHANT']\n"
     ]
    }
   ],
   "source": [
    "lst = ['Rahul', 'Priya', 'Chaaya', 'Narendra', 'Prashant']\n",
    "print(list(map((lambda s:s.upper()),lst)))"
   ]
  },
  {
   "cell_type": "code",
   "execution_count": 17,
   "id": "7662e8f9-77a1-45fb-bda7-2c1df9fd81c8",
   "metadata": {},
   "outputs": [
    {
     "name": "stdout",
     "output_type": "stream",
     "text": [
      "0\n"
     ]
    }
   ],
   "source": [
    "my_dict = {1:{'Type': 'cat', 'name': 'Blau', 'age': 7},2:{'Type' :'dog','name': 'Dollar','age': 3}\\\n",
    ",3:{'Type': 'bird','name': 'Alveus','age':9},5:{'Type': 'dog','name':'Monke','age':10}}\n",
    "def fun(d):\n",
    "    for i in my_dict:\n",
    "        if my_dict[i]['Type']==\"dog\":\n",
    "            return my_dict[i]['age']\n",
    "        else:\n",
    "            return 0\n",
    "a=list(map(fun,my_dict))\n",
    "lst = list(filter(lambda n:n >0, map(fun, my_dict)))\n",
    "b = [10, 20]\n",
    "print(sum(lst))\n",
    "    "
   ]
  },
  {
   "cell_type": "code",
   "execution_count": 21,
   "id": "728f0439-b21b-4920-a1bc-e4529c2aeba7",
   "metadata": {},
   "outputs": [
    {
     "name": "stdout",
     "output_type": "stream",
     "text": [
      "0\n"
     ]
    }
   ],
   "source": [
    "def fun(d):\n",
    "    for i in my_dict:\n",
    "        if my_dict[i]['Type']==\"dog\":\n",
    "            return my_dict[i]['age']\n",
    "        else:\n",
    "            return 0\n",
    "my_dict = {1:{'Type': 'cat', 'name': 'Blau', 'age': 7},2:{'Type' :'dog','name': 'Dollar','age': 3}\\\n",
    ",3:{'Type': 'bird','name': 'Alveus','age':9},4:{'Type': 'dog','name':'Monke','age':10}}\n",
    "lst = list(filter(lambda n:n >0, list(map(fun, my_dict))))\n",
    "print(sum(lst))\n"
   ]
  },
  {
   "cell_type": "code",
   "execution_count": 24,
   "id": "0e86bd95-ca47-4464-8c76-26b23e822d82",
   "metadata": {},
   "outputs": [
    {
     "ename": "TypeError",
     "evalue": "fun() missing 1 required positional argument: 'b'",
     "output_type": "error",
     "traceback": [
      "\u001b[1;31m---------------------------------------------------------------------------\u001b[0m",
      "\u001b[1;31mTypeError\u001b[0m                                 Traceback (most recent call last)",
      "Cell \u001b[1;32mIn[24], line 6\u001b[0m\n\u001b[0;32m      4\u001b[0m     \u001b[38;5;28;01melse\u001b[39;00m:\n\u001b[0;32m      5\u001b[0m         \u001b[38;5;28;01mreturn\u001b[39;00m a\u001b[38;5;241m*\u001b[39mfun(b\u001b[38;5;241m-\u001b[39m\u001b[38;5;241m1\u001b[39m)\n\u001b[1;32m----> 6\u001b[0m \u001b[38;5;28mprint\u001b[39m(\u001b[43mfun\u001b[49m\u001b[43m(\u001b[49m\u001b[38;5;241;43m2\u001b[39;49m\u001b[43m,\u001b[49m\u001b[38;5;241;43m3\u001b[39;49m\u001b[43m)\u001b[49m)\n",
      "Cell \u001b[1;32mIn[24], line 5\u001b[0m, in \u001b[0;36mfun\u001b[1;34m(a, b)\u001b[0m\n\u001b[0;32m      3\u001b[0m     \u001b[38;5;28;01mreturn\u001b[39;00m \u001b[38;5;241m1\u001b[39m\n\u001b[0;32m      4\u001b[0m \u001b[38;5;28;01melse\u001b[39;00m:\n\u001b[1;32m----> 5\u001b[0m     \u001b[38;5;28;01mreturn\u001b[39;00m a\u001b[38;5;241m*\u001b[39m\u001b[43mfun\u001b[49m\u001b[43m(\u001b[49m\u001b[43mb\u001b[49m\u001b[38;5;241;43m-\u001b[39;49m\u001b[38;5;241;43m1\u001b[39;49m\u001b[43m)\u001b[49m\n",
      "\u001b[1;31mTypeError\u001b[0m: fun() missing 1 required positional argument: 'b'"
     ]
    }
   ],
   "source": [
    "def fun(a,b):\n",
    "    if(b==0):\n",
    "        return 1\n",
    "    return a*fun(a,b-1)\n",
    "print(fun(2,3))"
   ]
  },
  {
   "cell_type": "code",
   "execution_count": 30,
   "id": "c8a1bc84-d3e5-48db-a17e-ce2874fbca1d",
   "metadata": {},
   "outputs": [
    {
     "name": "stdout",
     "output_type": "stream",
     "text": [
      "[5, 4, 3, 2, 1]\n"
     ]
    }
   ],
   "source": [
    "def fun(a):\n",
    "    if len(a)<=1:\n",
    "        return a\n",
    "    return a[-1:] + fun(a[1:-1])+ a[:1]\n",
    "    \n",
    "print(fun([1,2,3,4,5]))\n",
    "    \n",
    "    "
   ]
  },
  {
   "cell_type": "code",
   "execution_count": 32,
   "id": "e5c447ef-13bf-45df-a1ee-6c5290db90e0",
   "metadata": {},
   "outputs": [
    {
     "name": "stdout",
     "output_type": "stream",
     "text": [
      "[4.91, 32.57, 68.81, 376.68, 3328.53, 494.02]\n"
     ]
    }
   ],
   "source": [
    "import math\n",
    "def fun(l):\n",
    "    return round(math.pi*l*l,2)\n",
    "lst = [1.25, 3.22, 4.68, 10.95, 32.55, 12.54]\n",
    "m=map(fun,lst)\n",
    "print(list(m))\n",
    "    "
   ]
  },
  {
   "cell_type": "code",
   "execution_count": 35,
   "id": "7bcfc7f9-b0fb-434a-905e-6ae3992ba883",
   "metadata": {},
   "outputs": [
    {
     "name": "stdout",
     "output_type": "stream",
     "text": [
      "[(10, 'A'), (20, 'B'), (30, 'C'), (40, 'D'), (50, 'E'), (60, 'F'), (70, 'G'), (80, 'H')]\n"
     ]
    }
   ],
   "source": [
    "nums = [10, 20, 30, 40, 50, 60, 70, 80]\n",
    "strs = ['A', 'B', 'C', 'D', 'E', 'F', 'G', 'H']\n",
    "print(list(map((lambda x,y:(x,y)),nums,strs)))"
   ]
  },
  {
   "cell_type": "code",
   "execution_count": 38,
   "id": "6c387fb6-aa84-40cd-9024-a81c12f29c07",
   "metadata": {},
   "outputs": [
    {
     "name": "stdout",
     "output_type": "stream",
     "text": [
      "[{'name': 'sham', 'age': 50}]\n"
     ]
    }
   ],
   "source": [
    "dict={\n",
    "    1:{'name':'ram','age':20},\n",
    "    2:{'name':'sham','age':50},\n",
    "    3:{'name':'smile','age':29}}\n",
    "def fun(d):\n",
    "    if d['age']>40:\n",
    "        return d['age']\n",
    "\n",
    "print(list(filter(fun, dict.values())))\n",
    "    \n"
   ]
  },
  {
   "cell_type": "code",
   "execution_count": 42,
   "id": "62f50285-7ced-4af8-92aa-a1d8a48f21cc",
   "metadata": {},
   "outputs": [
    {
     "name": "stdout",
     "output_type": "stream",
     "text": [
      "['madamamadam', '1234321']\n"
     ]
    }
   ],
   "source": [
    "def fun(a):\n",
    "    for i in a:\n",
    "        if i[::-1]==i:\n",
    "            print(i)\n",
    "lst = ['Malayalam', 'Drawing', 'madamamadam', '1234321']\n",
    "#fun(lst)\n",
    "\n",
    "print(list(filter((lambda  a: a[::-1]==a),lst)))\n",
    "            "
   ]
  },
  {
   "cell_type": "code",
   "execution_count": 46,
   "id": "9c4611ec-eb57-4ab8-ad3e-b51fb9fb89c8",
   "metadata": {},
   "outputs": [
    {
     "name": "stdout",
     "output_type": "stream",
     "text": [
      "['shubham']\n"
     ]
    }
   ],
   "source": [
    "lst=[\"ram\",\"shubham\",\"sham\"]\n",
    "print(list(filter(lambda a:len(a)>4,lst)))"
   ]
  },
  {
   "cell_type": "code",
   "execution_count": 56,
   "id": "0a751c92-884e-46d8-be44-780e75ab1270",
   "metadata": {},
   "outputs": [
    {
     "name": "stdout",
     "output_type": "stream",
     "text": [
      "['shyamnagori', 'ghanshyamrojgaar']\n"
     ]
    }
   ],
   "source": [
    "dict = {\n",
    "    1: {'fname': 'ram', 'lname': 'kumar', 'grade': 'skilled'},\n",
    "    2: {'fname': 'shyam', 'lname': 'nagori', 'grade': 'highly-skilled'},\n",
    "    3: {'fname': 'ghanshyam', 'lname': 'rojgaar', 'grade': 'highly-skilled'},\n",
    "    4: {'fname': 'rohan', 'lname': 'kapoor', 'grade': 'skilled'},\n",
    "    5: {'fname': 'lol', 'lname': 'kumari', 'grade': 'semi-skilled'}\n",
    "}\n",
    "print(list(map(lambda l:l['fname']+l['lname'],(filter(lambda x: x['grade']=='highly-skilled', dict.values())))))\n"
   ]
  },
  {
   "cell_type": "code",
   "execution_count": 52,
   "id": "57bb80db-e825-4df6-9b01-a4dd4de9b4a2",
   "metadata": {},
   "outputs": [
    {
     "name": "stdout",
     "output_type": "stream",
     "text": [
      "1\n"
     ]
    }
   ],
   "source": [
    "def fun(a,count):\n",
    "    if len(a)==0:\n",
    "        return count\n",
    "    if a[0] in ['a','e','i','o','u']:\n",
    "        count +=1\n",
    "    return fun(a[1:],count)\n",
    "z=fun('ram',0)\n",
    "print(z)"
   ]
  },
  {
   "cell_type": "code",
   "execution_count": 6,
   "id": "81def0c4-3761-4ba5-960c-85f7b6a5b4ad",
   "metadata": {},
   "outputs": [
    {
     "name": "stdout",
     "output_type": "stream",
     "text": [
      "13\n"
     ]
    }
   ],
   "source": [
    "my_dict = {1:{'Type': 'cat', 'name': 'Blau', 'age': 7},2:{'Type' :'dog','name': 'Dollar','age': 3}\\\n",
    ",3:{'Type': 'bird','name': 'Alveus','age':9},4:{'Type': 'dog','name':'Monke','age':10}}\n",
    "z=(list(map(lambda a:a['age'],(filter(lambda a:a['Type']=='dog',my_dict.values())))))\n",
    "print(sum(z))"
   ]
  },
  {
   "cell_type": "code",
